-20.779249
-67.024567
-68.461555
-65.757500
-68.063507
-65.873436
-65.543488
-65.779640
-65.568382
-66.482529
-66.666656
-64.473969
-64.392715
-63.527458
-64.089386
-64.700226
-66.148315
-65.363281
-64.864754
-65.589851
-66.150711
-64.388206
-65.080887
-65.191002
-65.069908
-66.635902
-66.368423
-65.397835
-65.311180
-65.774857
-67.496674
-66.595436
-65.453735
-67.397667
-64.225677
-67.240730
-66.001495
-64.867851
-66.353989
-66.060692
-63.924046
-66.267403
-65.352516
-66.061813
-65.989029
-64.787567
-64.771080
-66.747665
-64.570206
-66.905670
-64.555458
-65.067230
-64.778137
-67.055641
-63.185871
-64.852142
-65.834999
-69.034508
-66.975159
-64.889000
-66.082893
-65.601128
-67.448784
-64.412926
-65.601860
-66.605141
-65.514687
-66.294991
-66.608963
-67.803123
-66.461769
-66.814156
-66.585747
-66.631012
-43.931618
-30.112709
-27.073952
-26.283514
-24.483980
-25.782900
-26.630894
-26.944021
-29.640385
-34.249138
-36.354103
-40.485294
-45.730633
-46.283096
-39.754520
-39.109722
-29.775719
-25.966604
-24.433117
-23.078846
-23.226488
-25.336594
-25.180246
-26.753876
-30.464964
-32.086441
-35.736301
-37.961372
-37.330433
-41.734169
-48.512058
-51.310387
-54.917900
-56.651524
-51.974983
-49.767647
-46.968109
-29.134033
-28.684412
-25.899261
-25.031719
-25.322147
-23.993277
-28.138552
-32.443600
-31.197704
-32.786816
-35.084797
-35.149033
-38.111656
-35.846046
-32.860733
-28.677040
-27.157955
-26.728682
-25.375584
-25.301373
-24.694517
-24.468163
-26.126261
-28.804802
-27.976316
-28.540003
-28.300901
-26.333202
-25.090130
-24.127420
-23.862980
-25.037024
-26.081581
-26.849825
-29.355204
-30.558596
-32.295727
-33.538845
-37.364750
-42.767559
-46.484779
-49.473049
-50.159916
-52.514393
-53.778286
-55.353825
-52.898689
-38.374134
-31.803577
-27.921728
-26.189697
-29.076385
-28.720486
-28.772533
-27.436180
-27.801619
-27.081476
-25.437098
-24.358496
-26.232784
-26.659698
-27.282347
-27.299065
-25.961819
-28.281050
-34.647945
-38.528049
-39.733837
-39.939785
-41.142693
-46.258610
-35.633812
-30.155670
-26.648331
-26.454550
-26.321327
-26.643116
-28.552263
-31.900080
-31.312067
-33.895042
-39.058517
-35.832020
-28.448740
-26.487253
-28.164133
-28.249460
-27.171793
-28.466749
-29.376740
-32.683643
-38.417171
-41.504955
-44.514412
-46.201462
-46.506165
-41.191383
-37.166115
-32.353985
-28.005283
-27.356436
-26.834251
-29.159634
-34.106628
-37.891392
-40.907181
-40.810406
-43.414478
-44.092823
-46.175968
-43.557617
-48.611378
-34.782227
-31.999235
-37.822617
-36.960285
-35.399567
-37.757465
-33.733662
-37.734833
-40.983944
-47.574100
-49.041470
-48.825314
-48.281773
-36.481380
-30.781191
-29.477222
-28.098804
-26.185568
-24.990015
-25.859062
-25.141876
-26.910215
-28.700472
-29.137779
-28.553610
-28.579327
-26.362482
-27.040260
-26.935362
-26.462914
-26.857164
-26.605762
-27.142790
-27.358702
-27.169535
-26.576647
-26.837717
-26.364574
-26.502047
-26.702532
-29.587337
-31.742762
-34.218056
-38.746925
-41.825546
-42.805286
-41.930733
-40.358883
-43.322571
-34.276184
-32.901672
-30.897179
-29.200602
-28.222197
-28.127415
-29.429747
-34.417767
-38.203472
-45.258457
-49.776417
-47.331875
-51.483566
-50.815105
-42.890869
-41.794167
-42.219498
-44.658073
-46.130894
-34.553776
-32.780815
-33.285912
-32.928139
-33.874523
-35.388649
-33.783619
-37.311523
-38.442867
-42.651081
-48.345821
-50.750404
-53.064232
-53.929108
-47.516689
-50.825417
-44.359951
-37.336037
-41.197018
-37.433422
-41.229568
-41.928867
-40.219101
-37.697517
-44.615765
-48.298317
-53.290520
-52.586723
-53.784180
-54.006527
-49.513420
-50.533970
-48.149895
-47.114914
-47.377159
-46.609039
-47.979729
-49.712887
-56.485756
-57.555958
-56.133930
-60.819889
-62.684135
-63.370247
-64.712029
-65.893715
-65.826668
-66.566444
-66.522522
-66.780182
-66.040733
-65.549835
-68.451630
-65.791229
-67.007401
-65.405464
-62.460510
-65.476868
-66.125465
-66.670761
-66.097900
-65.963608
-64.874840
-65.261147
-66.048569
-67.943939
-66.257454
-66.705078
-66.875900
-65.500038
-67.590439
-67.473724
-67.793373
-65.091492
-63.314796
-65.066498
-66.105621
-66.409813
-67.426788
-66.714676
-65.963509
-66.804214
-63.359547
-63.691521
-65.652847
-64.872353
-64.455658
-64.571007
-66.352135
-68.485741
-67.905067
-66.730362
-65.802757
-65.771423
-66.994347
-63.666988
-62.139671
-64.265930
-64.061409
-63.427025
-63.940800
-67.290970
-62.700253
-52.053787
-41.403786
-35.099201
-29.879303
-28.338051
-26.884146
-26.538464
-26.802414
-27.269112
-25.713285
-24.262024
-25.849901
-27.647038
-29.144346
-28.364809
-27.910585
-27.661177
-29.256025
-28.911865
-27.653118
-27.936571
-28.239225
-28.031998
-28.800444
-28.616205
-27.843611
-26.127127
-25.897652
-25.909395
-26.794701
-28.086596
-27.508205
-26.879551
-26.568624
-27.105085
-26.859272
-26.269653
-26.899178
-26.123142
-25.447279
-26.384689
-26.195068
-25.894358
-27.945038
-28.717222
-28.421669
-28.132753
-25.975136
-27.091793
-28.073111
-27.325487
-27.561867
-26.915157
-24.638575
-26.172573
-30.061644
-35.003391
-34.809437
-35.161785
-36.649479
-39.217884
-39.315044
-42.252102
-43.308491
-42.666214
-45.980209
-48.478836
-50.549454
-54.154377
-55.526085
-37.057537
-31.714769
-30.582621
-30.534016
-31.165739
-31.744497
-33.501671
-31.914974
-33.550739
-37.402344
-43.458317
-43.642864
-42.382420
-43.365307
-40.897404
-43.276112
-40.130863
-39.032471
-40.058540
-47.996578
-49.258751
-53.344391
-40.869968
-39.540813
-45.506790
-49.591999
-39.798237
-41.052418
-50.457836
-51.041451
-49.325962
-55.030025
-56.658802
-61.139526
-60.565666
-61.759186
-60.818089
-62.207684
-61.669270
-61.605583
-64.400787
-62.739643
-67.351952
-64.730247
-64.327248
-64.596642
-66.817314
-65.784523
-64.974136
-65.942307
-63.237717
-62.998856
-64.027092
-65.935356
-65.982712
-66.343086
-66.649910
-65.942802
-65.111290
-66.703064
-68.407608
-67.397118
-67.369987
-66.728821
-64.681236
-64.869873
-66.299194
-65.563835
-66.799011
-66.319618
-66.843147
-65.099174
-67.867462
-65.204971
-65.200783
-66.281761
-67.280144
-68.004990
-67.078156
-64.878960
-67.978561
-65.581619
-67.384918
-35.078190
-30.052826
-28.740623
-29.301319
-28.057898
-26.563313
-25.807156
-25.404264
-25.236179
-25.540195
-28.544662
-29.997786
-31.797455
-32.532230
-34.361996
-36.408817
-37.866943
-43.603252
-44.184834
-44.104630
-31.103264
-27.650682
-31.842321
-32.293732
-29.785332
-25.792217
-26.099874
-25.752357
-24.817192
-26.574417
-27.249289
-25.286186
-23.915466
-26.417585
-28.930771
-31.374905
-32.654858
-35.311436
-36.861683
-36.112358
-38.820873
-38.953785
-31.449745
-28.552994
-26.801390
-24.385836
-25.246058
-26.322618
-28.861933
-31.662035
-32.969646
-35.127087
-37.357830
-40.226051
-44.013603
-43.938385
-36.647350
-39.417320
-34.372295
-30.103102
-27.919577
-26.993443
-26.963913
-26.789616
-29.991070
-30.578308
-32.693722
-32.032806
-31.711252
-36.723053
-40.964245
-38.989391
-34.586296
-34.476753
-37.448959
-34.777981
-37.007122
-39.241013
-39.167572
-42.569149
-42.422455
-37.903099
-39.784477
-41.202538
-41.662582
-41.163666
-44.292488
-45.381199
-42.433006
-42.981812
-46.131489
-48.708916
-53.584110
-56.080036
-56.522293
-61.724266
-63.374863
-61.647602
-63.832603
-65.812576
-67.188545
-66.290688
-63.453430
-64.896095
-64.621483
-64.206993
-65.416008
-64.444107
-64.832710
-66.994095
-64.864212
-65.058311
-65.887825
-65.811035
-63.110302
-65.323914
-63.926540
-64.944519
-63.952339
-64.048805
-65.343422
-63.712452
-66.497284
-65.864746
-66.238281
-63.962589
-66.922569
-65.373634
-62.846016
-64.045212
-65.435402
-65.284386
-62.830658
-65.065041
-63.119003
-67.581306
-66.767677
-65.283279
-64.402809
-66.755920
-65.663734
-62.979286
-64.504379
-64.431747
-65.384453
-62.904186
-66.709343
-64.941994
-65.689232
-66.099030
-67.937965
-66.079407
-65.299606
-67.885757
-66.804581
-64.558998
-62.810333
-65.375114
-65.796127
-66.534569
-65.959518
-36.349308
-31.222189
-28.231256
-27.800837
-27.995251
-28.356382
-27.105034
-25.738213
-24.808193
-23.956198
-24.685812
-24.573698
-24.869650
-24.591694
-25.152630
-25.437880
-27.938169
-29.184237
-30.012615
-31.891714
-36.486301
-40.837532
-47.086864
-41.666779
-40.730267
-31.158880
-27.341776
-24.513203
-23.929016
-24.286251
-25.253904
-26.413877
-28.850330
-31.124729
-32.947418
-34.917747
-35.786087
-39.066017
-40.948635
-42.247959
-40.880119
-35.398548
-33.184002
-31.776423
-31.495516
-31.860470
-32.404358
-31.644344
-32.961407
-33.725048
-33.007618
-32.157612
-31.300508
-31.247789
-31.447094
-32.585312
-34.621975
-34.745796
-34.661846
-33.195755
-35.810509
-38.141373
-44.878819
-45.126301
-42.768215
-35.889484
-35.430538
-41.171749
-37.873821
-31.444689
-28.754459
-27.214457
-26.083111
-26.225163
-27.626553
-29.209019
-30.659168
-30.792454
-31.360775
-33.032043
-36.143635
-37.745625
-44.714123
-42.225693
-42.203133
-42.282104
-33.854343
-32.797638
-33.437321
-32.228931
-33.295147
-35.706543
-39.700008
-43.187584
-43.734692
-48.534355
-48.599262
-52.092705
-43.921928
-42.549717
-47.423515
-39.639942
-33.686359
-32.999680
-32.147865
-32.531219
-29.298887
-28.858021
-28.395075
-27.865051
-26.218794
-26.736618
-27.555538
-29.367388
-32.201248
-33.833267
-35.762123
-38.609234
-43.219299
-48.049080
-50.437992
-53.979576
-53.536552
-56.736858
-47.709534
-45.357803
-39.716568
-29.684885
-29.457712
-27.708073
-28.515739
-29.330328
-28.711357
-29.630142
-29.097858
-33.039108
-33.298706
-35.807255
-39.972775
-43.068577
-45.636898
-42.610657
-44.422649
-48.528137
-51.104115
-49.899315
-52.100063
-52.713783
-56.804447
-63.522846
-61.953758
-59.132370
-62.643570
-64.908913
-64.558495
-66.825584
-67.063217
-64.892891
-65.858406
-67.146805
-67.296257
-64.032143
-64.570137
-65.050453
-67.120155
-65.834610
-63.800159
-65.154732
-66.064262
-68.285820
-67.162163
-65.386108
-65.843048
-64.541336
-63.075005
-54.565430
-40.764072
-33.671165
-38.617485
-29.798456
-27.195028
-25.509579
-26.933439
-27.799934
-25.786335
-24.874151
-24.791468
-23.950272
-23.300610
-23.870811
-25.015961
-24.593815
-23.988102
-24.152609
-24.382101
-24.673153
-25.448000
-25.807234
-24.488157
-23.430408
-22.876024
-22.559904
-22.036226
-22.052584
-22.394932
-22.586042
-23.414217
-25.978081
-25.774048
-25.078053
-26.066917
-27.393845
-26.032505
-24.697979
-28.576658
-31.694672
-29.128107
-27.214846
-25.663338
-25.675337
-26.398848
-25.697651
-29.490185
-34.403351
-36.355957
-39.193977
-41.375774
-46.010204
-49.776001
-50.789715
-51.604301
-54.241814
-54.531467
-48.060444
-53.340191
-37.520126
-29.811893
-27.086662
-25.703611
-25.656429
-27.692003
-30.879551
-34.192310
-33.939175
-33.457947
-31.563141
-29.079580
-29.302261
-29.252863
-29.205927
-31.393036
-35.073650
-33.582760
-32.655109
-34.062092
-36.607384
-37.649738
-38.933220
-43.163368
-41.643974
-44.451591
-40.968460
-41.699982
-46.934799
-46.748333
-38.961128
-45.292149
-48.121891
-52.177795
-46.301258
-53.425556
-50.103512
-51.539505
-54.907143
-57.604424
-58.416027
-61.923775
-60.982040
-63.244595
-62.748775
-63.305317
-65.494125
-64.242027
-65.528114
-66.794296
-68.186790
-66.295532
-67.245285
-66.592552
-63.596401
-67.126015
-64.456863
-64.149429
-66.441444
-67.556747
-63.604454
-65.791328
-66.360977
-65.829475
-66.712067
-65.243866
-65.180984
-65.417587
-65.870995
-65.809395
-63.778080
-66.580109
-66.763832
-66.942276
-64.524109
-66.263763
-64.894295
-65.360321
-64.681534
-67.291786
-66.785965
-64.026131
-65.418915
-67.321426
-66.478363
-64.018280
-65.544762
-67.781830
-66.655525
-66.334488
-65.153404
-66.852074
-65.491707
-64.860573
-67.835251
-65.545395
-63.858585
-65.863670
-65.834122
-68.280197
-65.507309
-66.021477
-63.465820
-62.602043
-65.753510
-63.883610
-65.059364
-65.374939
-67.229492
-64.770393
-64.246933
-62.308792
-66.314102
-64.563042
-64.971916
-63.451077
-56.591927
-59.459148
-60.286503
-64.979149
-61.956455
-64.954872
-61.743408
-63.592182
