0.3 10.4 300 91.631%
0.3 10.3 300 91.631%
0.3 10.2 300 91.631%
0.2 10.4 300 91.631%
0.2 10.3 300 91.631%
0.2 10.2 300 91.631%
0.1 10.4 300 91.631%
0.1 10.3 300 91.631%
0.1 10.2 300 91.631%
0.3 10.4 290 91.604%
0.3 10.3 290 91.604%
0.3 10.2 290 91.604%
0.2 10.4 290 91.604%
0.2 10.3 290 91.604%
0.2 10.2 290 91.604%
0.1 10.4 290 91.604%
0.1 10.3 290 91.604%
0.1 10.2 290 91.604%
0.3 10.4 280 91.651%
0.3 10.3 280 91.651%
0.3 10.2 280 91.651%
0.2 10.4 280 91.651%
0.2 10.3 280 91.651%
0.2 10.2 280 91.651%
0.1 10.4 280 91.651%
0.1 10.3 280 91.651%
0.1 10.2 280 91.651%
0.3 10.4 270 91.635%
0.3 10.3 270 91.635%
0.3 10.2 270 91.635%
0.2 10.4 270 91.635%
0.2 10.3 270 91.635%
0.2 10.2 270 91.635%
0.1 10.4 270 91.635%
0.1 10.3 270 91.635%
0.1 10.2 270 91.635%
0.3 10.4 260 91.699%
0.3 10.3 260 91.699%
0.3 10.2 260 91.699%
0.2 10.4 260 91.699%
0.2 10.3 260 91.699%
0.2 10.2 260 91.699%
0.1 10.4 260 91.699%
0.1 10.3 260 91.699%
0.1 10.2 260 91.699%
0.3 10.4 250 91.663%
0.3 10.3 250 91.663%
0.3 10.2 250 91.663%
0.2 10.4 250 91.663%
0.2 10.3 250 91.663%
0.2 10.2 250 91.663%
0.1 10.4 250 91.663%
0.1 10.3 250 91.663%
0.1 10.2 250 91.663%
0.3 10.4 240 91.772%
0.3 10.3 240 91.772%
0.3 10.2 240 91.772%
0.2 10.4 240 91.772%
0.2 10.3 240 91.772%
0.2 10.2 240 91.772%
0.1 10.4 240 91.772%
0.1 10.3 240 91.772%
0.1 10.2 240 91.772%
0.3 10.4 230 91.742%
0.3 10.3 230 91.742%
0.3 10.2 230 91.742%
0.2 10.4 230 91.742%
0.2 10.3 230 91.742%
0.2 10.2 230 91.742%
0.1 10.4 230 91.742%
0.1 10.3 230 91.742%
0.1 10.2 230 91.742%
0.3 10.4 220 91.750%
0.3 10.3 220 91.750%
0.3 10.2 220 91.750%
0.2 10.4 220 91.750%
0.2 10.3 220 91.750%
0.2 10.2 220 91.750%
0.1 10.4 220 91.750%
0.1 10.3 220 91.750%
0.1 10.2 220 91.750%
0.3 10.4 210 91.771%
0.3 10.3 210 91.771%
0.3 10.2 210 91.771%
0.2 10.4 210 91.771%
0.2 10.3 210 91.771%
0.2 10.2 210 91.771%
0.1 10.4 210 91.771%
0.1 10.3 210 91.771%
0.1 10.2 210 91.771%
0.3 10.4 200 91.742%
0.3 10.3 200 91.742%
0.3 10.2 200 91.742%
0.2 10.4 200 91.742%
0.2 10.3 200 91.742%
0.2 10.2 200 91.742%
0.1 10.4 200 91.742%
0.1 10.3 200 91.742%
0.1 10.2 200 91.742%
0.3 10.4 190 91.703%
0.3 10.3 190 91.703%
0.3 10.2 190 91.703%
0.2 10.4 190 91.703%
0.2 10.3 190 91.703%
0.2 10.2 190 91.703%
0.1 10.4 190 91.703%
0.1 10.3 190 91.703%
0.1 10.2 190 91.703%
0.3 10.4 180 91.643%
0.3 10.3 180 91.643%
0.3 10.2 180 91.643%
0.2 10.4 180 91.643%
0.2 10.3 180 91.643%
0.2 10.2 180 91.643%
0.1 10.4 180 91.643%
0.1 10.3 180 91.643%
0.1 10.2 180 91.643%
0.3 10.4 170 91.622%
0.3 10.3 170 91.622%
0.3 10.2 170 91.622%
0.2 10.4 170 91.622%
0.2 10.3 170 91.622%
0.2 10.2 170 91.622%
0.1 10.4 170 91.622%
0.1 10.3 170 91.622%
0.1 10.2 170 91.622%
0.3 10.4 160 91.554%
0.3 10.3 160 91.554%
0.3 10.2 160 91.554%
0.2 10.4 160 91.554%
0.2 10.3 160 91.554%
0.2 10.2 160 91.554%
0.1 10.4 160 91.554%
0.1 10.3 160 91.554%
0.1 10.2 160 91.554%
0.3 10.4 150 91.561%
0.3 10.3 150 91.561%
0.3 10.2 150 91.561%
0.2 10.4 150 91.561%
0.2 10.3 150 91.561%
0.2 10.2 150 91.561%
0.1 10.4 150 91.561%
0.1 10.3 150 91.561%
0.1 10.2 150 91.561%
